51
if11g01938 0.0000000 0.7129557 0.7089645 0.6899239 1.7523758 1.7930084 1.8462280 1.7988305 2.2801555 1.6478758 1.4423821 1.7316869 1.6448021 1.7722429 2.0326350 2.1239957 1.9130565 2.4138080 1.7689597 1.7762864 1.8063021 1.8341638 1.8231172 1.7988160 1.6785807 1.6701452 2.0883568 2.1131469 2.0937104 2.1195735 2.1089499 2.1637444 1.9924084 1.9147549 2.2356807 2.2613339 2.2250387 2.2189795 2.0255547 2.0115379 2.0959322 2.4984155 3.0875983 2.8714402 2.9467429 2.7588118 2.8210099 2.6892304 2.9869588 2.7842433 2.8130865 
if00g00490 0.7129557 0.0000000 0.0316498 0.0211214 1.6863806 1.7632459 1.6692132 1.6745761 1.8291448 1.6488912 1.3511500 1.6308871 1.5017085 2.0095311 2.0323971 2.2362989 1.6967389 2.0779372 1.6212070 1.6221760 1.5708903 1.4809013 1.5172061 1.4764925 1.4603393 1.4168962 1.6982527 1.6847570 1.6494636 1.6454789 1.6014015 1.7349699 1.5640479 1.7294179 2.0073600 1.9767653 1.9052952 1.8867176 1.6766382 1.6329752 1.7638317 2.9963285 2.9191092 2.9412115 2.6720334 2.6916219 2.7380923 2.5074112 2.3788822 2.5927625 2.6233035 
if11g01944 0.7089645 0.0316498 0.0000000 0.0104685 1.7424798 1.8211295 1.6931045 1.7467303 1.8927044 1.6755108 1.3725532 1.6103282 1.5044314 2.0382494 2.0804985 2.2888810 1.7308724 2.1328800 1.6502728 1.6512734 1.6026499 1.5100160 1.5472462 1.5011900 1.4890115 1.4399942 1.7458857 1.7363612 1.7000393 1.6414249 1.6567691 1.7854487 1.6118820 1.7904427 2.0634233 2.0390431 1.9652402 1.9458614 1.6893231 1.6561141 1.7932588 2.9534043 2.9493130 2.9919949 2.6428240 2.6246569 2.6693533 2.5245962 2.4504428 2.4917630 2.4843690 
if11g01942 0.6899239 0.0211214 0.0104685 0.0000000 1.6947818 1.7718072 1.6504180 1.7179103 1.8697816 1.6558849 1.3598153 1.6060737 1.4781747 2.0050554 2.0828241 2.2743286 1.6917666 2.0697054 1.6047375 1.6057002 1.5520631 1.4653284 1.5015842 1.4664307 1.4447606 1.4014695 1.6958487 1.6859158 1.6511782 1.5937648 1.6023587 1.7362723 1.5647751 1.7267470 1.9988855 1.9753069 1.9035236 1.8848765 1.6585176 1.6311447 1.7622417 2.9734963 2.9470894 2.9178055 2.6248133 2.6286670 2.6731598 2.4966830 2.4241616 2.4966377 2.4641320 
if02g00136 1.7523758 1.6863806 1.7424798 1.6947818 0.0000000 0.0534953 0.8328643 0.8215950 1.3263468 1.2605619 1.2571548 1.4346947 1.4610252 1.2873739 1.3070366 1.3195951 1.4048922 1.7448367 1.4744520 1.4802270 1.5601369 1.5353386 1.4710693 1.5156904 1.5272394 1.5286240 1.4734715 1.5632330 1.5076697 1.5607982 1.4793821 1.6447406 1.4964824 1.4719472 1.8368393 1.8137919 1.7971394 1.7877570 1.5373918 1.7022339 1.7285819 2.4265172 2.7160137 2.0914792 1.9094220 1.9621602 1.9369561 1.9582280 2.1501130 2.1512581 1.9039303 
if02g00459 1.7930084 1.7632459 1.8211295 1.7718072 0.0534953 0.0000000 0.8391144 0.8961417 1.4658814 1.3404424 1.2533428 1.5101947 1.4984103 1.2394697 1.2869442 1.3403856 1.4267427 1.7731315 1.5698539 1.5759691 1.6482652 1.5966242 1.5330004 1.5812279 1.5905252 1.5913463 1.5542648 1.6513699 1.5928912 1.6868452 1.5891309 1.5704094 1.5714600 1.4815705 1.8069244 1.7822526 1.7784235 1.7691141 1.6158931 1.7630582 1.7802107 2.4096138 2.5690579 2.2206155 2.0097304 2.0621833 2.0355048 2.0095223 2.1971825 2.2285691 2.0248962 
if00g01303 1.8462280 1.6692132 1.6931045 1.6504180 0.8328643 0.8391144 0.0000000 0.5418743 1.4510648 1.5406070 1.2909073 1.6049593 1.6228318 1.4749894 1.3860800 1.5174808 1.4892727 1.9080435 1.3147899 1.3269948 1.4694903 1.4341807 1.3886526 1.4504935 1.4333543 1.3704489 1.5806572 1.5271634 1.5205896 1.5257566 1.4586409 1.7191003 1.4776745 1.5204346 1.7512778 1.7568593 1.7277025 1.7435485 1.5272955 1.7472428 1.7858637 2.1550542 2.0699770 2.0520036 2.0132763 2.0503147 2.0106301 2.1046102 2.0282082 2.0757079 1.8846283 
if11g01934 1.7988305 1.6745761 1.7467303 1.7179103 0.8215950 0.8961417 0.5418743 0.0000000 1.3954506 1.3618051 1.2979543 1.4324586 1.4455881 1.3071428 1.3555073 1.3955691 1.3940267 2.0580367 1.3241337 1.3361130 1.4573628 1.4810139 1.4279933 1.4247113 1.4656794 1.3975478 1.6005413 1.6314899 1.6480954 1.5880668 1.5476448 1.7518171 1.5358404 1.5390078 1.7419158 1.7587480 1.7065007 1.7242644 1.6776371 1.7547171 1.8406709 2.2664007 2.5291794 2.2707150 2.0923490 2.2595295 2.2759637 2.2234938 2.2169813 2.2715558 2.1220866 
if11g01908 2.2801555 1.8291448 1.8927044 1.8697816 1.3263468 1.4658814 1.4510648 1.3954506 0.0000000 1.5814269 1.3772819 1.5827346 1.6137022 1.6377139 1.6757742 1.7457401 1.5839194 2.2869539 1.6421513 1.6157102 1.6651700 1.8487472 1.7328706 1.7798754 1.7642950 1.7836644 1.7794184 1.9300129 1.9118158 2.0784995 1.8421676 2.1634592 1.8644204 1.7692794 2.0142748 1.9677560 1.9731786 1.9574874 1.6149277 1.6255421 1.6596274 2.4751122 2.6016360 2.0309409 1.9708150 2.3226470 2.3728596 2.5405492 2.6487162 2.2391974 2.1940974 
if11g01941 1.6478758 1.6488912 1.6755108 1.6558849 1.2605619 1.3404424 1.5406070 1.3618051 1.5814269 0.0000000 0.0466155 0.4064464 0.3991249 1.7267542 1.6305058 1.5708094 1.5153300 1.9941291 1.5331747 1.5443583 1.5845696 1.6108064 1.5413007 1.5379174 1.5487429 1.4888322 1.5379999 1.5907232 1.5495891 1.6917688 1.5858594 1.8406584 1.6523057 1.5446342 1.9367484 1.9201565 1.8858801 1.8717554 1.7091401 1.6208663 1.5956033 2.3567741 2.5682170 2.2167858 2.2050154 2.1887783 2.1344936 1.9412532 2.4961931 2.5036367 2.3317575 
if00g00520 1.4423821 1.3511500 1.3725532 1.3598153 1.2571548 1.2533428 1.2909073 1.2979543 1.3772819 0.0466155 0.0000000 0.3773280 0.3726177 1.5711972 1.5385650 1.4989098 1.4200298 1.9138436 1.4077951 1.4192909 1.4182329 1.4928855 1.4313856 1.4761487 1.4097630 1.3561007 1.4657223 1.6018071 1.5552799 1.6082160 1.5612439 1.5873493 1.5436522 1.5080489 1.5455725 1.5562840 1.5357046 1.5236614 1.6800482 1.5818545 1.5789317 2.1434752 2.1830695 1.9680861 2.0185459 1.9962648 1.9393955 1.6811802 2.1040656 2.1296889 1.9932676 
if00g00522 1.7316869 1.6308871 1.6103282 1.6060737 1.4346947 1.5101947 1.6049593 1.4324586 1.5827346 0.4064464 0.3773280 0.0000000 0.0755707 1.6646244 1.5851331 1.5820353 1.5267303 2.0816152 1.3811048 1.3913433 1.5255230 1.4791488 1.4192396 1.4253822 1.4346324 1.3558363 1.5474025 1.5342949 1.4942298 1.5490581 1.5578339 1.8789764 1.5267723 1.6377429 1.8698689 1.8763903 1.8269295 1.8170024 1.6137634 1.5503892 1.5976991 2.1732986 2.3642243 2.5189248 2.4006781 2.1552594 2.1845257 2.0484335 2.7311139 2.4061643 2.3302043 
if11g01940 1.6448021 1.5017085 1.5044314 1.4781747 1.4610252 1.4984103 1.6228318 1.4455881 1.6137022 0.3991249 0.3726177 0.0755707 0.0000000 1.6135239 1.5848944 1.6373423 1.5549793 2.0280604 1.3773388 1.3876024 1.4256455 1.4001370 1.3436678 1.3766454 1.3631267 1.3154676 1.5353110 1.4622155 1.4234589 1.4550778 1.4945202 1.7028556 1.4208825 1.6100428 1.7432592 1.7596458 1.7415799 1.7323723 1.6393386 1.5319202 1.5586988 2.2558997 2.3162878 2.4724587 2.4703512 2.1169666 2.1450729 1.9490282 2.6320748 2.3877170 2.3131140 
if02g00462 1.7722429 2.0095311 2.0382494 2.0050554 1.2873739 1.2394697 1.4749894 1.3071428 1.6377139 1.7267542 1.5711972 1.6646244 1.6135239 0.0000000 0.5872487 0.6181954 1.1449484 1.4720249 1.6026932 1.6329619 1.5747831 1.5384242 1.4621920 1.5313900 1.5616000 1.5097125 1.2656298 1.2854195 1.2730241 1.4103263 1.2838128 1.3756690 1.2170867 1.1935798 1.4330252 1.4116648 1.4282681 1.4395084 1.3882196 1.3767800 1.3619628 2.2498628 2.4660420 2.0470029 2.1227239 2.1873207 2.2972883 2.0998582 2.4015983 2.0814655 2.1126091 
if02g00461 2.0326350 2.0323971 2.0804985 2.0828241 1.3070366 1.2869442 1.3860800 1.3555073 1.6757742 1.6305058 1.5385650 1.5851331 1.5848944 0.5872487 0.0000000 0.2710216 1.2033466 1.5069829 1.4134680 1.4406101 1.4505446 1.4695591 1.3793031 1.4745286 1.4264723 1.4885652 1.3824410 1.3336700 1.3268694 1.5520700 1.2463478 1.3923773 1.3259303 1.2221567 1.3205580 1.3048311 1.2948757 1.2987774 1.4795905 1.3588329 1.5225342 2.0852779 2.1917358 1.8985274 1.9441453 2.1382873 2.1485425 2.0751876 2.3575405 2.0831826 2.1133756 
if02g00460 2.1239957 2.2362989 2.2888810 2.2743286 1.3195951 1.3403856 1.5174808 1.3955691 1.7457401 1.5708094 1.4989098 1.5820353 1.6373423 0.6181954 0.2710216 0.0000000 1.2248465 1.4997483 1.6068797 1.6371511 1.6510042 1.6686336 1.5662855 1.6812388 1.6189336 1.6524766 1.4328116 1.4654469 1.4578255 1.6614385 1.4532913 1.5817998 1.4943087 1.3950317 1.5600046 1.5527572 1.5193350 1.5242414 1.6039471 1.4543935 1.5287168 2.0900763 2.2142268 2.0741025 2.1278037 2.2496160 2.2739240 2.0703469 2.4313638 2.1693069 2.1615192 
if11g02028 1.9130565 1.6967389 1.7308724 1.6917666 1.4048922 1.4267427 1.4892727 1.3940267 1.5839194 1.5153300 1.4200298 1.5267303 1.5549793 1.1449484 1.2033466 1.2248465 0.0000000 1.2512363 1.2003000 1.2225262 1.1703884 1.1891063 1.1126348 1.1801879 1.1873411 1.1720567 0.9757411 0.9712506 0.9686537 1.0156519 0.9522157 1.0100572 0.9131482 0.8218955 1.1031832 1.1189524 1.1129292 1.1057790 1.1337459 1.2722368 1.2414777 2.5605311 2.4579135 2.2809233 2.3865710 2.7230054 2.7499934 2.3030123 2.8582733 2.5472463 2.3381750 
if11g02025 2.4138080 2.0779372 2.1328800 2.0697054 1.7448367 1.7731315 1.9080435 2.0580367 2.2869539 1.9941291 1.9138436 2.0816152 2.0280604 1.4720249 1.5069829 1.4997483 1.2512363 0.0000000 1.2792546 1.2823321 1.1558825 1.1578283 1.0979704 1.1856696 1.1763701 1.1626554 0.7978883 0.8028080 0.8044573 0.9076775 0.8220252 0.9714278 0.7943262 0.8594881 1.0143389 1.0361928 1.0354993 1.0332211 1.1335039 1.2651407 1.2774444 2.7023142 2.4430051 2.3440509 2.4793216 2.4818808 2.6084797 2.1930770 2.6323847 2.5099900 2.1744300 
if00g01071 1.7689597 1.6212070 1.6502728 1.6047375 1.4744520 1.5698539 1.3147899 1.3241337 1.6421513 1.5331747 1.4077951 1.3811048 1.3773388 1.6026932 1.4134680 1.6068797 1.2003000 1.2792546 0.0000000 0.0099336 0.2401300 0.3664677 0.3391367 0.3092526 0.2838526 0.2774549 0.9377696 0.8366471 0.8477217 0.8070971 0.7354538 0.8491409 0.7583735 0.8569938 0.9303034 0.9281302 0.9242609 0.9231554 1.0234782 1.1965344 1.3190228 2.0675411 2.3290525 2.2549144 2.1135271 2.3069535 2.3194024 2.0173021 2.2874296 2.2701279 1.9718124 
if11g02030 1.7762864 1.6221760 1.6512734 1.6057002 1.4802270 1.5759691 1.3269948 1.3361130 1.6157102 1.5443583 1.4192909 1.3913433 1.3876024 1.6329619 1.4406101 1.6371511 1.2225262 1.2823321 0.0099336 0.0000000 0.2407794 0.3676286 0.3401761 0.3246293 0.2846734 0.2922436 0.9309024 0.8526676 0.8639496 0.8226581 0.7520087 0.8653092 0.7732718 0.8617659 0.9484490 0.9462121 0.9423250 0.9411545 1.0159918 1.1877059 1.3079653 2.0519337 2.3103944 2.2456466 2.1106195 2.2891961 2.3014143 2.0023541 2.2704671 2.2666297 1.9527056 
if11g02029 1.8063021 1.5708903 1.6026499 1.5520631 1.5601369 1.6482652 1.4694903 1.4573628 1.6651700 1.5845696 1.4182329 1.5255230 1.4256455 1.5747831 1.4505446 1.6510042 1.1703884 1.1558825 0.2401300 0.2407794 0.0000000 0.2625113 0.2315703 0.2404688 0.1551893 0.2263361 0.9917728 0.8781618 0.8844086 0.8450035 0.7525577 0.8839858 0.7856260 0.8543430 0.9988696 1.0028200 1.0081181 0.9942435 1.0429478 1.1966223 1.2902532 2.2596036 2.3526385 2.1581801 2.1595094 2.4596184 2.4572172 2.0655183 2.2327837 2.2266441 1.9741750 
if00g00202 1.8341638 1.4809013 1.5100160 1.4653284 1.5353386 1.5966242 1.4341807 1.4810139 1.8487472 1.6108064 1.4928855 1.4791488 1.4001370 1.5384242 1.4695591 1.6686336 1.1891063 1.1578283 0.3664677 0.3676286 0.2625113 0.0000000 0.0357573 0.1502166 0.1179213 0.1637899 0.9747123 0.8593382 0.8473262 0.8389069 0.8136876 0.9178088 0.7995152 0.8747108 1.0221134 1.0184595 1.0157926 1.0096566 1.0337129 1.2364320 1.2698541 2.3251715 2.4006035 2.2175432 2.2374655 2.3174108 2.3586104 2.0432518 2.2270677 2.3292396 1.9905012 
if00g01070 1.8231172 1.5172061 1.5472462 1.5015842 1.4710693 1.5330004 1.3886526 1.4279933 1.7328706 1.5413007 1.4313856 1.4192396 1.3436678 1.4621920 1.3793031 1.5662855 1.1126348 1.0979704 0.3391367 0.3401761 0.2315703 0.0357573 0.0000000 0.1263606 0.1183006 0.1576339 0.9163663 0.7920030 0.7804353 0.7583647 0.7228012 0.8320201 0.7217693 0.8111634 0.9552238 0.9517235 0.9491844 0.9433839 0.9550295 1.1574321 1.1904746 2.2526530 2.3655037 2.2105921 2.1955482 2.3325157 2.3650616 2.0115182 2.1917013 2.2885819 2.0184666 
if00g00201 1.7988160 1.4764925 1.5011900 1.4664307 1.5156904 1.5812279 1.4504935 1.4247113 1.7798754 1.5379174 1.4761487 1.4253822 1.3766454 1.5313900 1.4745286 1.6812388 1.1801879 1.1856696 0.3092526 0.3246293 0.2404688 0.1502166 0.1263606 0.0000000 0.1250874 0.1066395 0.9404588 0.8290621 0.8185615 0.8344360 0.7949344 0.8768301 0.7847495 0.8590732 1.0162985 1.0127159 1.0127607 1.0067220 0.9905599 1.1489088 1.2299613 2.2928070 2.3537350 2.3017509 2.2900676 2.3776446 2.3940519 2.0244846 2.2593182 2.3917906 2.0405360 
if00g00204 1.6785807 1.4603393 1.4890115 1.4447606 1.5272394 1.5905252 1.4333543 1.4656794 1.7642950 1.5487429 1.4097630 1.4346324 1.3631267 1.5616000 1.4264723 1.6189336 1.1873411 1.1763701 0.2838526 0.2846734 0.1551893 0.1179213 0.1183006 0.1250874 0.0000000 0.0909204 0.9331210 0.8380278 0.8263179 0.8040982 0.7683206 0.8729556 0.7661726 0.8309067 0.9874896 0.9851913 0.9813961 0.9767573 0.9463210 1.1503063 1.1901066 2.3674388 2.4361339 2.3098691 2.3389796 2.3964514 2.4131975 2.0288139 2.2877136 2.3619808 2.0116816 
if00g00203 1.6701452 1.4168962 1.4399942 1.4014695 1.5286240 1.5913463 1.3704489 1.3975478 1.7836644 1.4888322 1.3561007 1.3558363 1.3154676 1.5097125 1.4885652 1.6524766 1.1720567 1.1626554 0.2774549 0.2922436 0.2263361 0.1637899 0.1576339 0.1066395 0.0909204 0.0000000 0.8978207 0.8316471 0.8199515 0.7996799 0.7654472 0.8844339 0.7621220 0.8487232 0.9954572 0.9931427 0.9893597 0.9846946 0.9631789 1.1626611 1.2200318 2.2548323 2.2776514 2.2478759 2.2811520 2.4042113 2.4382684 2.0683342 2.3223226 2.2636935 1.9440816 
if00g00205 2.0883568 1.6982527 1.7458857 1.6958487 1.4734715 1.5542648 1.5806572 1.6005413 1.7794184 1.5379999 1.4657223 1.5474025 1.5353110 1.2656298 1.3824410 1.4328116 0.9757411 0.7978883 0.9377696 0.9309024 0.9917728 0.9747123 0.9163663 0.9404588 0.9331210 0.8978207 0.0000000 0.3560434 0.3615280 0.4743882 0.3302608 0.3937254 0.3251885 0.3287940 0.4467297 0.4441556 0.4212196 0.4055306 0.4976797 0.5954552 0.6026267 2.0911667 2.1574278 2.4114864 2.4297663 2.2800627 2.3160886 1.9578178 2.2376237 2.3704138 2.0313565 
if11g01928 2.1131469 1.6847570 1.7363612 1.6859158 1.5632330 1.6513699 1.5271634 1.6314899 1.9300129 1.5907232 1.6018071 1.5342949 1.4622155 1.2854195 1.3336700 1.4654469 0.9712506 0.8028080 0.8366471 0.8526676 0.8781618 0.8593382 0.7920030 0.8290621 0.8380278 0.8316471 0.3560434 0.0000000 0.0152550 0.2352027 0.1227321 0.2336988 0.0991086 0.3239413 0.4377595 0.4245320 0.4205991 0.4187012 0.5956343 0.6417582 0.7044811 2.2467243 2.4313278 2.4196805 2.3825953 2.3946828 2.3725985 1.9128261 2.4879417 2.3729596 2.2400558 
if13g00533 2.0937104 1.6494636 1.7000393 1.6511782 1.5076697 1.5928912 1.5205896 1.6480954 1.9118158 1.5495891 1.5552799 1.4942298 1.4234589 1.2730241 1.3268694 1.4578255 0.9686537 0.8044573 0.8477217 0.8639496 0.8844086 0.8473262 0.7804353 0.8185615 0.8263179 0.8199515 0.3615280 0.0152550 0.0000000 0.2512244 0.1375216 0.2489896 0.1115053 0.3374760 0.4519237 0.4380698 0.4340900 0.4324267 0.5929543 0.6665578 0.7205090 2.2307199 2.4135693 2.3712327 2.3386388 2.3725852 2.3801120 1.9192977 2.4924760 2.4385371 2.2332505 
if11g01930 2.1195735 1.6454789 1.6414249 1.5937648 1.5607982 1.6868452 1.5257566 1.5880668 2.0784995 1.6917688 1.6082160 1.5490581 1.4550778 1.4103263 1.5520700 1.6614385 1.0156519 0.9076775 0.8070971 0.8226581 0.8450035 0.8389069 0.7583647 0.8344360 0.8040982 0.7996799 0.4743882 0.2352027 0.2512244 0.0000000 0.1832745 0.2632466 0.1168332 0.4572267 0.5762954 0.5765253 0.5779668 0.5593739 0.7104173 0.8466311 0.9315527 2.5191580 2.6174221 2.5517830 2.5704541 2.3428813 2.2794665 1.9812639 2.4030533 2.1895245 2.1221239 
if00g00518 2.1089499 1.6014015 1.6567691 1.6023587 1.4793821 1.5891309 1.4586409 1.5476448 1.8421676 1.5858594 1.5612439 1.5578339 1.4945202 1.2838128 1.2463478 1.4532913 0.9522157 0.8220252 0.7354538 0.7520087 0.7525577 0.8136876 0.7228012 0.7949344 0.7683206 0.7654472 0.3302608 0.1227321 0.1375216 0.1832745 0.0000000 0.1237764 0.0362205 0.3209074 0.4330850 0.4357286 0.4225683 0.4051572 0.5290394 0.6493304 0.7165048 2.2048339 2.4150493 2.3974834 2.3050251 2.6154258 2.5344380 2.0993528 2.2314102 2.3771832 2.1070801 
if13g00534 2.1637444 1.7349699 1.7854487 1.7362723 1.6447406 1.5704094 1.7191003 1.7518171 2.1634592 1.8406584 1.5873493 1.8789764 1.7028556 1.3756690 1.3923773 1.5817998 1.0100572 0.9714278 0.8491409 0.8653092 0.8839858 0.9178088 0.8320201 0.8768301 0.8729556 0.8844339 0.3937254 0.2336988 0.2489896 0.2632466 0.1237764 0.0000000 0.1138425 0.2874917 0.4814589 0.4804131 0.4742386 0.4585395 0.6846745 0.7795892 0.8638139 2.9172109 3.1751287 2.6015558 2.6586137 2.7582068 2.7174014 2.1531820 2.6138740 2.5115850 2.4031146 
if11g01927 1.9924084 1.5640479 1.6118820 1.5647751 1.4964824 1.5714600 1.4776745 1.5358404 1.8644204 1.6523057 1.5436522 1.5267723 1.4208825 1.2170867 1.3259303 1.4943087 0.9131482 0.7943262 0.7583735 0.7732718 0.7856260 0.7995152 0.7217693 0.7847495 0.7661726 0.7621220 0.3251885 0.0991086 0.1115053 0.1168332 0.0362205 0.1138425 0.0000000 0.2874917 0.4080829 0.4056690 0.3992256 0.3840765 0.5666561 0.6839155 0.7381612 2.2599060 2.4119670 2.3980121 2.4230535 2.3315658 2.2682140 1.8485845 2.2673525 2.3071275 2.1270113 
if13g00530 1.9147549 1.7294179 1.7904427 1.7267470 1.4719472 1.4815705 1.5204346 1.5390078 1.7692794 1.5446342 1.5080489 1.6377429 1.6100428 1.1935798 1.2221567 1.3950317 0.8218955 0.8594881 0.8569938 0.8617659 0.8543430 0.8747108 0.8111634 0.8590732 0.8309067 0.8487232 0.3287940 0.3239413 0.3374760 0.4572267 0.3209074 0.2874917 0.2874917 0.0000000 0.1260359 0.1333110 0.1332538 0.1190188 0.6030577 0.7339269 0.7700353 2.4487163 2.2782774 2.4399741 2.5808823 2.5693557 2.5010779 1.9775951 2.5273257 2.6715112 2.2016356 
if13g00535 2.2356807 2.0073600 2.0634233 1.9988855 1.8368393 1.8069244 1.7512778 1.7419158 2.0142748 1.9367484 1.5455725 1.8698689 1.7432592 1.4330252 1.3205580 1.5600046 1.1031832 1.0143389 0.9303034 0.9484490 0.9988696 1.0221134 0.9552238 1.0162985 0.9874896 0.9954572 0.4467297 0.4377595 0.4519237 0.5762954 0.4330850 0.4814589 0.4080829 0.1260359 0.0000000 0.0348242 0.0346478 0.0398578 0.6997806 0.8373776 0.9023160 2.2173760 2.4234727 2.5211593 2.4939091 2.6134288 2.5301747 2.0750341 2.5735847 2.6241917 2.2156490 
if11g01929 2.2613339 1.9767653 2.0390431 1.9753069 1.8137919 1.7822526 1.7568593 1.7587480 1.9677560 1.9201565 1.5562840 1.8763903 1.7596458 1.4116648 1.3048311 1.5527572 1.1189524 1.0361928 0.9281302 0.9462121 1.0028200 1.0184595 0.9517235 1.0127159 0.9851913 0.9931427 0.4441556 0.4245320 0.4380698 0.5765253 0.4357286 0.4804131 0.4056690 0.1333110 0.0348242 0.0000000 0.0295143 0.0344017 0.6936666 0.8369444 0.8925861 2.1709702 2.4262540 2.5635809 2.5101734 2.5282763 2.4353127 2.0991816 2.6243717 2.6225643 2.2313568 
if00g00519 2.2250387 1.9052952 1.9652402 1.9035236 1.7971394 1.7784235 1.7277025 1.7065007 1.9731786 1.8858801 1.5357046 1.8269295 1.7415799 1.4282681 1.2948757 1.5193350 1.1129292 1.0354993 0.9242609 0.9423250 1.0081181 1.0157926 0.9491844 1.0127607 0.9813961 0.9893597 0.4212196 0.4205991 0.4340900 0.5779668 0.4225683 0.4742386 0.3992256 0.1332538 0.0346478 0.0295143 0.0000000 0.0145839 0.6824418 0.8212288 0.8776251 2.2003701 2.3910620 2.5714397 2.5429480 2.5622517 2.4683155 2.1243691 2.6424890 2.6489345 2.2466617 
if13g00532 2.2189795 1.8867176 1.9458614 1.8848765 1.7877570 1.7691141 1.7435485 1.7242644 1.9574874 1.8717554 1.5236614 1.8170024 1.7323723 1.4395084 1.2987774 1.5242414 1.1057790 1.0332211 0.9231554 0.9411545 0.9942435 1.0096566 0.9433839 1.0067220 0.9767573 0.9846946 0.4055306 0.4187012 0.4324267 0.5593739 0.4051572 0.4585395 0.3840765 0.1190188 0.0398578 0.0344017 0.0145839 0.0000000 0.6703290 0.8197771 0.8776038 2.2583014 2.4405580 2.5664001 2.5692806 2.6032822 2.5195601 2.0928961 2.6336257 2.6791686 2.3103328 
if13g00531 2.0255547 1.6766382 1.6893231 1.6585176 1.5373918 1.6158931 1.5272955 1.6776371 1.6149277 1.7091401 1.6800482 1.6137634 1.6393386 1.3882196 1.4795905 1.6039471 1.1337459 1.1335039 1.0234782 1.0159918 1.0429478 1.0337129 0.9550295 0.9905599 0.9463210 0.9631789 0.4976797 0.5956343 0.5929543 0.7104173 0.5290394 0.6846745 0.5666561 0.6030577 0.6997806 0.6936666 0.6824418 0.6703290 0.0000000 0.4250684 0.4489931 1.9711822 2.2012882 2.3088615 2.2457053 2.4038148 2.3749153 2.1459110 2.3628906 2.5860800 2.1817048 
if13g00529 2.0115379 1.6329752 1.6561141 1.6311447 1.7022339 1.7630582 1.7472428 1.7547171 1.6255421 1.6208663 1.5818545 1.5503892 1.5319202 1.3767800 1.3588329 1.4543935 1.2722368 1.2651407 1.1965344 1.1877059 1.1966223 1.2364320 1.1574321 1.1489088 1.1503063 1.1626611 0.5954552 0.6417582 0.6665578 0.8466311 0.6493304 0.7795892 0.6839155 0.7339269 0.8373776 0.8369444 0.8212288 0.8197771 0.4250684 0.0000000 0.1098841 2.2345611 2.2957405 2.5310773 2.5395345 2.3730703 2.4089937 2.1456672 2.4774999 2.3085032 2.2497000 
if00g01741 2.0959322 1.7638317 1.7932588 1.7622417 1.7285819 1.7802107 1.7858637 1.8406709 1.6596274 1.5956033 1.5789317 1.5976991 1.5586988 1.3619628 1.5225342 1.5287168 1.2414777 1.2774444 1.3190228 1.3079653 1.2902532 1.2698541 1.1904746 1.2299613 1.1901066 1.2200318 0.6026267 0.7044811 0.7205090 0.9315527 0.7165048 0.8638139 0.7381612 0.7700353 0.9023160 0.8925861 0.8776251 0.8776038 0.4489931 0.1098841 0.0000000 2.1867060 2.4676560 2.5264425 2.5118625 2.4087330 2.4426045 2.1872555 2.7354724 2.1682304 2.2548378 
if00g00577 2.4984155 2.9963285 2.9534043 2.9734963 2.4265172 2.4096138 2.1550542 2.2664007 2.4751122 2.3567741 2.1434752 2.1732986 2.2558997 2.2498628 2.0852779 2.0900763 2.5605311 2.7023142 2.0675411 2.0519337 2.2596036 2.3251715 2.2526530 2.2928070 2.3674388 2.2548323 2.0911667 2.2467243 2.2307199 2.5191580 2.2048339 2.9172109 2.2599060 2.4487163 2.2173760 2.1709702 2.2003701 2.2583014 1.9711822 2.2345611 2.1867060 0.0000000 0.8216658 1.6629411 1.5248151 1.6356969 1.5838197 1.4851171 1.5689822 2.1704978 1.6668237 
if00g00576 3.0875983 2.9191092 2.9493130 2.9470894 2.7160137 2.5690579 2.0699770 2.5291794 2.6016360 2.5682170 2.1830695 2.3642243 2.3162878 2.4660420 2.1917358 2.2142268 2.4579135 2.4430051 2.3290525 2.3103944 2.3526385 2.4006035 2.3655037 2.3537350 2.4361339 2.2776514 2.1574278 2.4313278 2.4135693 2.6174221 2.4150493 3.1751287 2.4119670 2.2782774 2.4234727 2.4262540 2.3910620 2.4405580 2.2012882 2.2957405 2.4676560 0.8216658 0.0000000 1.8465794 1.9310451 2.0901715 2.0307633 1.8395404 1.8639607 2.0976498 1.9786399 
if01g00210 2.8714402 2.9412115 2.9919949 2.9178055 2.0914792 2.2206155 2.0520036 2.2707150 2.0309409 2.2167858 1.9680861 2.5189248 2.4724587 2.0470029 1.8985274 2.0741025 2.2809233 2.3440509 2.2549144 2.2456466 2.1581801 2.2175432 2.2105921 2.3017509 2.3098691 2.2478759 2.4114864 2.4196805 2.3712327 2.5517830 2.3974834 2.6015558 2.3980121 2.4399741 2.5211593 2.5635809 2.5714397 2.5664001 2.3088615 2.5310773 2.5264425 1.6629411 1.8465794 0.0000000 0.5493460 1.0793571 1.0735098 1.0798680 0.9235516 1.2490938 0.8869580 
if01g00205 2.9467429 2.6720334 2.6428240 2.6248133 1.9094220 2.0097304 2.0132763 2.0923490 1.9708150 2.2050154 2.0185459 2.4006781 2.4703512 2.1227239 1.9441453 2.1278037 2.3865710 2.4793216 2.1135271 2.1106195 2.1595094 2.2374655 2.1955482 2.2900676 2.3389796 2.2811520 2.4297663 2.3825953 2.3386388 2.5704541 2.3050251 2.6586137 2.4230535 2.5808823 2.4939091 2.5101734 2.5429480 2.5692806 2.2457053 2.5395345 2.5118625 1.5248151 1.9310451 0.5493460 0.0000000 1.0318637 0.9814596 1.0809090 1.0226127 1.2104532 0.9559567 
if01g00219 2.7588118 2.6916219 2.6246569 2.6286670 1.9621602 2.0621833 2.0503147 2.2595295 2.3226470 2.1887783 1.9962648 2.1552594 2.1169666 2.1873207 2.1382873 2.2496160 2.7230054 2.4818808 2.3069535 2.2891961 2.4596184 2.3174108 2.3325157 2.3776446 2.3964514 2.4042113 2.2800627 2.3946828 2.3725852 2.3428813 2.6154258 2.7582068 2.3315658 2.5693557 2.6134288 2.5282763 2.5622517 2.6032822 2.4038148 2.3730703 2.4087330 1.6356969 2.0901715 1.0793571 1.0318637 0.0000000 0.0574597 0.6240841 0.8488704 1.0186669 0.7879937 
if01g00217 2.8210099 2.7380923 2.6693533 2.6731598 1.9369561 2.0355048 2.0106301 2.2759637 2.3728596 2.1344936 1.9393955 2.1845257 2.1450729 2.2972883 2.1485425 2.2739240 2.7499934 2.6084797 2.3194024 2.3014143 2.4572172 2.3586104 2.3650616 2.3940519 2.4131975 2.4382684 2.3160886 2.3725985 2.3801120 2.2794665 2.5344380 2.7174014 2.2682140 2.5010779 2.5301747 2.4353127 2.4683155 2.5195601 2.3749153 2.4089937 2.4426045 1.5838197 2.0307633 1.0735098 0.9814596 0.0574597 0.0000000 0.5957809 0.8147571 0.9676793 0.7496533 
if01g00214 2.6892304 2.5074112 2.5245962 2.4966830 1.9582280 2.0095223 2.1046102 2.2234938 2.5405492 1.9412532 1.6811802 2.0484335 1.9490282 2.0998582 2.0751876 2.0703469 2.3030123 2.1930770 2.0173021 2.0023541 2.0655183 2.0432518 2.0115182 2.0244846 2.0288139 2.0683342 1.9578178 1.9128261 1.9192977 1.9812639 2.0993528 2.1531820 1.8485845 1.9775951 2.0750341 2.0991816 2.1243691 2.0928961 2.1459110 2.1456672 2.1872555 1.4851171 1.8395404 1.0798680 1.0809090 0.6240841 0.5957809 0.0000000 0.4874878 0.8924728 0.7312842 
if01g00216 2.9869588 2.3788822 2.4504428 2.4241616 2.1501130 2.1971825 2.0282082 2.2169813 2.6487162 2.4961931 2.1040656 2.7311139 2.6320748 2.4015983 2.3575405 2.4313638 2.8582733 2.6323847 2.2874296 2.2704671 2.2327837 2.2270677 2.1917013 2.2593182 2.2877136 2.3223226 2.2376237 2.4879417 2.4924760 2.4030533 2.2314102 2.6138740 2.2673525 2.5273257 2.5735847 2.6243717 2.6424890 2.6336257 2.3628906 2.4774999 2.7354724 1.5689822 1.8639607 0.9235516 1.0226127 0.8488704 0.8147571 0.4874878 0.0000000 1.0513567 0.8147117 
if00g00572 2.7842433 2.5927625 2.4917630 2.4966377 2.1512581 2.2285691 2.0757079 2.2715558 2.2391974 2.5036367 2.1296889 2.4061643 2.3877170 2.0814655 2.0831826 2.1693069 2.5472463 2.5099900 2.2701279 2.2666297 2.2266441 2.3292396 2.2885819 2.3917906 2.3619808 2.2636935 2.3704138 2.3729596 2.4385371 2.1895245 2.3771832 2.5115850 2.3071275 2.6715112 2.6241917 2.6225643 2.6489345 2.6791686 2.5860800 2.3085032 2.1682304 2.1704978 2.0976498 1.2490938 1.2104532 1.0186669 0.9676793 0.8924728 1.0513567 0.0000000 0.7102156 
if01g00200 2.8130865 2.6233035 2.4843690 2.4641320 1.9039303 2.0248962 1.8846283 2.1220866 2.1940974 2.3317575 1.9932676 2.3302043 2.3131140 2.1126091 2.1133756 2.1615192 2.3381750 2.1744300 1.9718124 1.9527056 1.9741750 1.9905012 2.0184666 2.0405360 2.0116816 1.9440816 2.0313565 2.2400558 2.2332505 2.1221239 2.1070801 2.4031146 2.1270113 2.2016356 2.2156490 2.2313568 2.2466617 2.3103328 2.1817048 2.2497000 2.2548378 1.6668237 1.9786399 0.8869580 0.9559567 0.7879937 0.7496533 0.7312842 0.8147117 0.7102156 0.0000000 
